1,7511632.814,4691036.485,0.000,,0.000,0.000,01:00:00,1970-01-01
2,7511610.039,4690977.059,0.000,,0.000,0.000,01:00:00,1970-01-01
20561,7511700.072,4691015.689,0.000,,0.000,0.000,01:00:00,1970-01-01
20562,7511670.052,4691027.080,0.000,,0.000,0.000,01:00:00,1970-01-01
20563,7511601.153,4691044.482,0.000,,0.000,0.000,01:00:00,1970-01-01
20564,7511589.753,4691046.712,0.000,,0.000,0.000,01:00:00,1970-01-01
20565,7511567.833,4691046.003,0.000,,0.000,0.000,01:00:00,1970-01-01
22598,7511691.691,4691004.340,0.000,,0.000,0.000,01:00:00,1970-01-01
22607,7511682.141,4690993.891,0.000,,0.000,0.000,01:00:00,1970-01-01
22608,7511671.100,4690982.202,0.000,,0.000,0.000,01:00:00,1970-01-01
22609,7511658.740,4690968.870,0.000,,0.000,0.000,01:00:00,1970-01-01
22610,7511657.380,4690967.403,0.000,,0.000,0.000,01:00:00,1970-01-01
22611,7511655.660,4690966.390,0.000,,0.000,0.000,01:00:00,1970-01-01
22612,7511642.269,4690958.524,0.000,,0.000,0.000,01:00:00,1970-01-01
22613,7511636.130,4690965.784,0.000,,0.000,0.000,01:00:00,1970-01-01
22614,7511624.200,4690971.854,0.000,,0.000,0.000,01:00:00,1970-01-01
22615,7511604.990,4690978.915,0.000,,0.000,0.000,01:00:00,1970-01-01
22616,7511583.190,4690982.246,0.000,,0.000,0.000,01:00:00,1970-01-01
22617,7511552.830,4690987.707,0.000,,0.000,0.000,01:00:00,1970-01-01
22618,7511559.240,4691012.610,0.000,,0.000,0.000,01:00:00,1970-01-01
22619,7511563.440,4691028.950,0.000,,0.000,0.000,01:00:00,1970-01-01
49572,7510138.497,4690542.960,0.000,,0.000,0.000,01:00:00,1970-01-01
49573,7510109.592,4690567.290,0.000,,0.000,0.000,01:00:00,1970-01-01
49574,7509995.976,4690638.336,0.000,,0.000,0.000,01:00:00,1970-01-01
49575,7509983.767,4690661.034,0.000,,0.000,0.000,01:00:00,1970-01-01
49576,7509977.797,4690679.536,0.000,,0.000,0.000,01:00:00,1970-01-01
49577,7509967.833,4690691.119,0.000,,0.000,0.000,01:00:00,1970-01-01
49840,7509905.306,4690396.302,0.000,,0.000,0.000,01:00:00,1970-01-01
49841,7509921.556,4690392.102,0.000,,0.000,0.000,01:00:00,1970-01-01
49842,7509946.766,4690391.540,0.000,,0.000,0.000,01:00:00,1970-01-01
49843,7509965.806,4690387.620,0.000,,0.000,0.000,01:00:00,1970-01-01
49844,7509980.696,4690382.609,0.000,,0.000,0.000,01:00:00,1970-01-01
49845,7509998.906,4690376.729,0.000,,0.000,0.000,01:00:00,1970-01-01
49846,7510015.705,4690370.279,0.000,,0.000,0.000,01:00:00,1970-01-01
49847,7510021.025,4690367.478,0.000,,0.000,0.000,01:00:00,1970-01-01
49848,7510033.045,4690359.108,0.000,,0.000,0.000,01:00:00,1970-01-01
49849,7510052.084,4690343.408,0.000,,0.000,0.000,01:00:00,1970-01-01
49850,7510071.934,4690321.898,0.000,,0.000,0.000,01:00:00,1970-01-01
49851,7510097.673,4690287.999,0.000,,0.000,0.000,01:00:00,1970-01-01
49967,7509933.215,4690635.200,0.000,,0.000,0.000,01:00:00,1970-01-01
49968,7509956.166,4690672.677,0.000,,0.000,0.000,01:00:00,1970-01-01
49969,7510137.702,4690532.396,0.000,,0.000,0.000,01:00:00,1970-01-01
49970,7510115.580,4690502.688,0.000,,0.000,0.000,01:00:00,1970-01-01
49971,7510090.101,4690516.559,0.000,,0.000,0.000,01:00:00,1970-01-01
49972,7510057.332,4690538.139,0.000,,0.000,0.000,01:00:00,1970-01-01
49973,7510046.730,4690490.142,0.000,,0.000,0.000,01:00:00,1970-01-01
49974,7510031.616,4690389.097,0.000,,0.000,0.000,01:00:00,1970-01-01
49975,7510080.635,4690355.837,0.000,,0.000,0.000,01:00:00,1970-01-01
49976,7510118.837,4690406.773,0.000,,0.000,0.000,01:00:00,1970-01-01
49977,7510140.929,4690475.099,0.000,,0.000,0.000,01:00:00,1970-01-01
49978,7510152.969,4690471.448,0.000,,0.000,0.000,01:00:00,1970-01-01
49979,7510156.270,4690479.238,0.000,,0.000,0.000,01:00:00,1970-01-01
49980,7510179.239,4690471.107,0.000,,0.000,0.000,01:00:00,1970-01-01
49981,7510163.178,4690434.080,0.000,,0.000,0.000,01:00:00,1970-01-01
49982,7510155.197,4690412.881,0.000,,0.000,0.000,01:00:00,1970-01-01
49983,7510142.736,4690387.902,0.000,,0.000,0.000,01:00:00,1970-01-01
49984,7509912.340,4690479.670,0.000,,0.000,0.000,01:00:00,1970-01-01
49985,7509915.840,4690510.566,0.000,,0.000,0.000,01:00:00,1970-01-01
49986,7509925.934,4690598.992,0.000,,0.000,0.000,01:00:00,1970-01-01
49987,7509930.135,4690629.040,0.000,,0.000,0.000,01:00:00,1970-01-01
47969,7510111.080,4689948.654,0.000,,0.000,0.000,01:00:00,1970-01-01
47970,7510093.719,4689906.976,0.000,,0.000,0.000,01:00:00,1970-01-01
48597,7510139.278,4689876.306,0.000,,0.000,0.000,01:00:00,1970-01-01
48598,7510161.897,4689856.976,0.000,,0.000,0.000,01:00:00,1970-01-01
48599,7510170.675,4689847.172,0.000,,0.000,0.000,01:00:00,1970-01-01
48618,7510178.250,4689861.515,0.000,,0.000,0.000,01:00:00,1970-01-01
48620,7510192.888,4689889.233,0.000,,0.000,0.000,01:00:00,1970-01-01
48621,7510160.559,4689912.233,0.000,,0.000,0.000,01:00:00,1970-01-01
48381,7509505.464,4689989.844,0.000,,0.000,0.000,01:00:00,1970-01-01
48382,7509517.684,4689987.304,0.000,,0.000,0.000,01:00:00,1970-01-01
48383,7509565.953,4689962.534,0.000,,0.000,0.000,01:00:00,1970-01-01
50162,7509626.183,4690017.610,0.000,,0.000,0.000,01:00:00,1970-01-01
50163,7509612.574,4690046.080,0.000,,0.000,0.000,01:00:00,1970-01-01
50166,7509504.135,4690002.804,0.000,,0.000,0.000,01:00:00,1970-01-01
50167,7509591.164,4690080.299,0.000,,0.000,0.000,01:00:00,1970-01-01
50168,7509603.394,4690062.489,0.000,,0.000,0.000,01:00:00,1970-01-01
46175,7510093.906,4689461.054,0.000,,0.000,0.000,01:00:00,1970-01-01
46176,7510099.806,4689452.624,0.000,,0.000,0.000,01:00:00,1970-01-01
46251,7510258.533,4689442.910,0.000,,0.000,0.000,01:00:00,1970-01-01
46252,7510259.084,4689455.399,0.000,,0.000,0.000,01:00:00,1970-01-01
46256,7510213.064,4689455.380,0.000,,0.000,0.000,01:00:00,1970-01-01
46257,7510141.296,4689458.662,0.000,,0.000,0.000,01:00:00,1970-01-01
46258,7510113.006,4689462.153,0.000,,0.000,0.000,01:00:00,1970-01-01
46259,7510102.356,4689461.973,0.000,,0.000,0.000,01:00:00,1970-01-01
46260,7510211.774,4689443.441,0.000,,0.000,0.000,01:00:00,1970-01-01
46261,7510161.085,4689445.272,0.000,,0.000,0.000,01:00:00,1970-01-01
46262,7510111.746,4689451.703,0.000,,0.000,0.000,01:00:00,1970-01-01
40158,7510064.177,4689493.564,0.000,,0.000,0.000,01:00:00,1970-01-01
46155,7510008.918,4689497.375,0.000,,0.000,0.000,01:00:00,1970-01-01
46165,7510007.468,4689478.746,0.000,,0.000,0.000,01:00:00,1970-01-01
46169,7510075.347,4689476.574,0.000,,0.000,0.000,01:00:00,1970-01-01
46125,7509912.806,4689453.741,0.000,,0.000,0.000,01:00:00,1970-01-01
46126,7509931.409,4689454.879,0.000,,0.000,0.000,01:00:00,1970-01-01
46138,7509912.589,4689457.287,0.000,,0.000,0.000,01:00:00,1970-01-01
46166,7509934.429,4689483.328,0.000,,0.000,0.000,01:00:00,1970-01-01
46167,7509933.359,4689480.128,0.000,,0.000,0.000,01:00:00,1970-01-01
46168,7509913.364,4689477.785,0.000,,0.000,0.000,01:00:00,1970-01-01
46170,7510085.487,4689464.724,0.000,,0.000,0.000,01:00:00,1970-01-01
46171,7509932.469,4689470.528,0.000,,0.000,0.000,01:00:00,1970-01-01
40159,7510031.488,4689528.753,0.000,,0.000,0.000,01:00:00,1970-01-01
40160,7510014.209,4689543.073,0.000,,0.000,0.000,01:00:00,1970-01-01
46163,7510012.779,4689518.994,0.000,,0.000,0.000,01:00:00,1970-01-01
46164,7510013.148,4689513.704,0.000,,0.000,0.000,01:00:00,1970-01-01
46119,7509832.700,4689442.042,0.000,,0.000,0.000,01:00:00,1970-01-01
46120,7509841.058,4689444.082,0.000,,0.000,0.000,01:00:00,1970-01-01
46129,7509842.886,4689449.538,0.000,,0.000,0.000,01:00:00,1970-01-01
46130,7509846.090,4689450.195,0.000,,0.000,0.000,01:00:00,1970-01-01
46131,7509852.708,4689451.566,0.000,,0.000,0.000,01:00:00,1970-01-01
46132,7509857.425,4689453.027,0.000,,0.000,0.000,01:00:00,1970-01-01
46133,7509864.804,4689454.138,0.000,,0.000,0.000,01:00:00,1970-01-01
46134,7509873.258,4689454.353,0.000,,0.000,0.000,01:00:00,1970-01-01
46135,7509882.490,4689454.995,0.000,,0.000,0.000,01:00:00,1970-01-01
46136,7509891.686,4689455.868,0.000,,0.000,0.000,01:00:00,1970-01-01
46137,7509900.268,4689456.771,0.000,,0.000,0.000,01:00:00,1970-01-01
46141,7509831.940,4689453.251,0.000,,0.000,0.000,01:00:00,1970-01-01
46150,7509839.184,4689469.094,0.000,,0.000,0.000,01:00:00,1970-01-01
53487,7509841.180,4689453.901,0.000,,0.000,0.000,01:00:00,1970-01-01
45124,7509793.342,4688939.078,0.000,,0.000,0.000,01:00:00,1970-01-01
45125,7509794.973,4688952.918,0.000,,0.000,0.000,01:00:00,1970-01-01
45126,7509787.973,4688974.187,0.000,,0.000,0.000,01:00:00,1970-01-01
45422,7509736.545,4689043.137,0.000,,0.000,0.000,01:00:00,1970-01-01
45423,7509753.334,4688968.839,0.000,,0.000,0.000,01:00:00,1970-01-01
45424,7509755.863,4688959.169,0.000,,0.000,0.000,01:00:00,1970-01-01
45425,7509767.763,4688945.179,0.000,,0.000,0.000,01:00:00,1970-01-01
45437,7509774.235,4689047.936,0.000,,0.000,0.000,01:00:00,1970-01-01
45438,7509754.685,4689046.256,0.000,,0.000,0.000,01:00:00,1970-01-01
45487,7509777.554,4689020.296,0.000,,0.000,0.000,01:00:00,1970-01-01
45488,7509783.703,4688985.077,0.000,,0.000,0.000,01:00:00,1970-01-01
45120,7509762.111,4688844.002,0.000,,0.000,0.000,01:00:00,1970-01-01
45121,7509773.542,4688885.751,0.000,,0.000,0.000,01:00:00,1970-01-01
45122,7509786.042,4688909.550,0.000,,0.000,0.000,01:00:00,1970-01-01
45123,7509793.182,4688927.999,0.000,,0.000,0.000,01:00:00,1970-01-01
45141,7509690.635,4689000.050,0.000,,0.000,0.000,01:00:00,1970-01-01
45142,7509675.264,4688935.392,0.000,,0.000,0.000,01:00:00,1970-01-01
45143,7509677.944,4688923.042,0.000,,0.000,0.000,01:00:00,1970-01-01
45144,7509687.743,4688898.603,0.000,,0.000,0.000,01:00:00,1970-01-01
45145,7509695.233,4688877.793,0.000,,0.000,0.000,01:00:00,1970-01-01
45146,7509708.862,4688859.773,0.000,,0.000,0.000,01:00:00,1970-01-01
45147,7509736.232,4688852.783,0.000,,0.000,0.000,01:00:00,1970-01-01
45148,7509745.452,4688852.182,0.000,,0.000,0.000,01:00:00,1970-01-01
45420,7509705.055,4689016.269,0.000,,0.000,0.000,01:00:00,1970-01-01
45421,7509717.405,4689035.008,0.000,,0.000,0.000,01:00:00,1970-01-01
46121,7509843.760,4689444.741,0.000,,0.000,0.000,01:00:00,1970-01-01
46122,7509859.930,4689449.721,0.000,,0.000,0.000,01:00:00,1970-01-01
46123,7509872.850,4689449.520,0.000,,0.000,0.000,01:00:00,1970-01-01
46124,7509899.399,4689452.920,0.000,,0.000,0.000,01:00:00,1970-01-01
44910,7508618.246,4689865.864,0.000,,0.000,0.000,01:00:00,1970-01-01
44911,7508625.136,4689826.985,0.000,,0.000,0.000,01:00:00,1970-01-01
44912,7508627.515,4689786.766,0.000,,0.000,0.000,01:00:00,1970-01-01
44913,7508631.484,4689762.177,0.000,,0.000,0.000,01:00:00,1970-01-01
44914,7508639.874,4689743.157,0.000,,0.000,0.000,01:00:00,1970-01-01
44923,7508647.354,4689743.797,0.000,,0.000,0.000,01:00:00,1970-01-01
44924,7508655.564,4689751.216,0.000,,0.000,0.000,01:00:00,1970-01-01
44925,7508661.924,4689759.426,0.000,,0.000,0.000,01:00:00,1970-01-01
44926,7508668.014,4689767.645,0.000,,0.000,0.000,01:00:00,1970-01-01
44927,7508678.424,4689776.075,0.000,,0.000,0.000,01:00:00,1970-01-01
44928,7508707.814,4689790.114,0.000,,0.000,0.000,01:00:00,1970-01-01
44929,7508715.334,4689799.353,0.000,,0.000,0.000,01:00:00,1970-01-01
44930,7508721.424,4689810.743,0.000,,0.000,0.000,01:00:00,1970-01-01
44956,7508679.195,4689836.253,0.000,,0.000,0.000,01:00:00,1970-01-01
41207,7509585.522,4689326.592,0.000,,0.000,0.000,01:00:00,1970-01-01
41208,7509592.462,4689336.372,0.000,,0.000,0.000,01:00:00,1970-01-01
41209,7509610.112,4689359.931,0.000,,0.000,0.000,01:00:00,1970-01-01
41210,7509612.512,4689368.420,0.000,,0.000,0.000,01:00:00,1970-01-01
45908,7509610.142,4689373.320,0.000,,0.000,0.000,01:00:00,1970-01-01
45909,7509606.203,4689377.430,0.000,,0.000,0.000,01:00:00,1970-01-01
45910,7509577.023,4689365.282,0.000,,0.000,0.000,01:00:00,1970-01-01
45911,7509565.973,4689359.602,0.000,,0.000,0.000,01:00:00,1970-01-01
45912,7509555.553,4689352.183,0.000,,0.000,0.000,01:00:00,1970-01-01
45953,7509559.093,4689347.133,0.000,,0.000,0.000,01:00:00,1970-01-01
45954,7509569.103,4689338.313,0.000,,0.000,0.000,01:00:00,1970-01-01
48282,7509497.540,4689695.264,0.000,,0.000,0.000,01:00:00,1970-01-01
48283,7509515.100,4689708.483,0.000,,0.000,0.000,01:00:00,1970-01-01
48284,7509520.240,4689717.672,0.000,,0.000,0.000,01:00:00,1970-01-01
50732,7509495.546,4689715.813,0.000,,0.000,0.000,01:00:00,1970-01-01
50733,7509519.430,4689720.652,0.000,,0.000,0.000,01:00:00,1970-01-01
50649,7509513.820,4689761.921,0.000,,0.000,0.000,01:00:00,1970-01-01
48285,7509529.809,4689720.102,0.000,,0.000,0.000,01:00:00,1970-01-01
50650,7509491.741,4689747.862,0.000,,0.000,0.000,01:00:00,1970-01-01
50734,7509495.219,4689717.962,0.000,,0.000,0.000,01:00:00,1970-01-01
50636,7509442.473,4689842.851,0.000,,0.000,0.000,01:00:00,1970-01-01
50637,7509445.973,4689854.980,0.000,,0.000,0.000,01:00:00,1970-01-01
50638,7509447.034,4689886.439,0.000,,0.000,0.000,01:00:00,1970-01-01
50639,7509467.583,4689872.909,0.000,,0.000,0.000,01:00:00,1970-01-01
50640,7509467.783,4689869.139,0.000,,0.000,0.000,01:00:00,1970-01-01
50653,7509426.760,4689724.037,0.000,,0.000,0.000,01:00:00,1970-01-01
50654,7509416.200,4689720.570,0.000,,0.000,0.000,01:00:00,1970-01-01
50655,7509384.947,4689709.110,0.000,,0.000,0.000,01:00:00,1970-01-01
50623,7509346.133,4689774.186,0.000,,0.000,0.000,01:00:00,1970-01-01
50621,7509311.483,4689715.478,0.000,,0.000,0.000,01:00:00,1970-01-01
50620,7509311.213,4689726.608,0.000,,0.000,0.000,01:00:00,1970-01-01
50641,7509467.583,4689853.470,0.000,,0.000,0.000,01:00:00,1970-01-01
50643,7509570.900,4689818.628,0.000,,0.000,0.000,01:00:00,1970-01-01
50652,7509437.350,4689730.570,0.000,,0.000,0.000,01:00:00,1970-01-01
50634,7509426.523,4689815.522,0.000,,0.000,0.000,01:00:00,1970-01-01
50632,7509400.873,4689795.813,0.000,,0.000,0.000,01:00:00,1970-01-01
50627,7509314.463,4689735.558,0.000,,0.000,0.000,01:00:00,1970-01-01
50625,7509330.463,4689764.846,0.000,,0.000,0.000,01:00:00,1970-01-01
50616,7509359.462,4689701.947,0.000,,0.000,0.000,01:00:00,1970-01-01
50645,7509606.539,4689777.938,0.000,,0.000,0.000,01:00:00,1970-01-01
50646,7509594.089,4689771.109,0.000,,0.000,0.000,01:00:00,1970-01-01
50647,7509570.219,4689748.650,0.000,,0.000,0.000,01:00:00,1970-01-01
50648,7509559.379,4689740.621,0.000,,0.000,0.000,01:00:00,1970-01-01
50631,7509383.443,4689781.754,0.000,,0.000,0.000,01:00:00,1970-01-01
50630,7509374.253,4689777.155,0.000,,0.000,0.000,01:00:00,1970-01-01
50629,7509366.143,4689774.995,0.000,,0.000,0.000,01:00:00,1970-01-01
50628,7509326.933,4689731.757,0.000,,0.000,0.000,01:00:00,1970-01-01
50614,7509312.253,4689702.449,0.000,,0.000,0.000,01:00:00,1970-01-01
48286,7509559.009,4689726.861,0.000,,0.000,0.000,01:00:00,1970-01-01
50615,7509340.212,4689701.398,0.000,,0.000,0.000,01:00:00,1970-01-01
50624,7509343.743,4689767.286,0.000,,0.000,0.000,01:00:00,1970-01-01
50633,7509413.003,4689802.543,0.000,,0.000,0.000,01:00:00,1970-01-01
50635,7509433.823,4689825.802,0.000,,0.000,0.000,01:00:00,1970-01-01
50642,7509467.982,4689838.000,0.000,,0.000,0.000,01:00:00,1970-01-01
50644,7509639.849,4689805.786,0.000,,0.000,0.000,01:00:00,1970-01-01
50651,7509452.159,4689739.093,0.000,,0.000,0.000,01:00:00,1970-01-01
50619,7509310.563,4689751.167,0.000,,0.000,0.000,01:00:00,1970-01-01
50626,7509320.363,4689755.857,0.000,,0.000,0.000,01:00:00,1970-01-01
48464,7509953.543,4690032.836,0.000,,0.000,0.000,01:00:00,1970-01-01
48465,7509956.413,4690029.486,0.000,,0.000,0.000,01:00:00,1970-01-01
48476,7509946.374,4690046.706,0.000,,0.000,0.000,01:00:00,1970-01-01
48485,7509938.294,4690060.516,0.000,,0.000,0.000,01:00:00,1970-01-01
48486,7509924.425,4690082.995,0.000,,0.000,0.000,01:00:00,1970-01-01
48487,7509975.757,4690142.741,0.000,,0.000,0.000,01:00:00,1970-01-01
48488,7510005.858,4690170.068,0.000,,0.000,0.000,01:00:00,1970-01-01
48489,7510009.748,4690164.758,0.000,,0.000,0.000,01:00:00,1970-01-01
48490,7510019.847,4690139.979,0.000,,0.000,0.000,01:00:00,1970-01-01
48491,7510028.036,4690121.667,0.000,,0.000,0.000,01:00:00,1970-01-01
48492,7510032.556,4690111.560,0.000,,0.000,0.000,01:00:00,1970-01-01
48493,7510043.505,4690082.810,0.000,,0.000,0.000,01:00:00,1970-01-01
48494,7510020.865,4690071.842,0.000,,0.000,0.000,01:00:00,1970-01-01
48495,7509996.374,4690055.314,0.000,,0.000,0.000,01:00:00,1970-01-01
48496,7509969.123,4690040.215,0.000,,0.000,0.000,01:00:00,1970-01-01
53446,7511110.586,4691024.204,0.000,,0.000,0.000,01:00:00,1970-01-01
53447,7511140.074,4691096.769,0.000,,0.000,0.000,01:00:00,1970-01-01
53448,7511167.376,4691165.535,0.000,,0.000,0.000,01:00:00,1970-01-01
53449,7511091.461,4691036.394,0.000,,0.000,0.000,01:00:00,1970-01-01
53450,7511126.445,4691121.528,0.000,,0.000,0.000,01:00:00,1970-01-01
53451,7511147.986,4691172.295,0.000,,0.000,0.000,01:00:00,1970-01-01
53367,7511129.711,4691012.013,0.000,,0.000,0.000,01:00:00,1970-01-01
53368,7511148.842,4691061.790,0.000,,0.000,0.000,01:00:00,1970-01-01
53369,7511186.426,4691158.894,0.000,,0.000,0.000,01:00:00,1970-01-01
41219,7509616.822,4689360.661,0.000,,0.000,0.000,01:00:00,1970-01-01
41220,7509612.732,4689355.491,0.000,,0.000,0.000,01:00:00,1970-01-01
45993,7509649.641,4689311.621,0.000,,0.000,0.000,01:00:00,1970-01-01
45998,7509620.051,4689296.032,0.000,,0.000,0.000,01:00:00,1970-01-01
45999,7509611.471,4689304.962,0.000,,0.000,0.000,01:00:00,1970-01-01
46000,7509614.941,4689310.802,0.000,,0.000,0.000,01:00:00,1970-01-01
46001,7509609.572,4689317.592,0.000,,0.000,0.000,01:00:00,1970-01-01
46002,7509615.572,4689322.802,0.000,,0.000,0.000,01:00:00,1970-01-01
46003,7509620.622,4689338.601,0.000,,0.000,0.000,01:00:00,1970-01-01
46004,7509617.262,4689354.491,0.000,,0.000,0.000,01:00:00,1970-01-01
46005,7509628.502,4689339.031,0.000,,0.000,0.000,01:00:00,1970-01-01
46006,7509639.391,4689324.651,0.000,,0.000,0.000,01:00:00,1970-01-01
41221,7509598.362,4689334.652,0.000,,0.000,0.000,01:00:00,1970-01-01
41222,7509593.312,4689313.963,0.000,,0.000,0.000,01:00:00,1970-01-01
45980,7509639.366,4689269.947,0.000,,0.000,0.000,01:00:00,1970-01-01
45981,7509646.160,4689260.773,0.000,,0.000,0.000,01:00:00,1970-01-01
45992,7509671.270,4689281.451,0.000,,0.000,0.000,01:00:00,1970-01-01
45997,7509628.177,4689285.058,0.000,,0.000,0.000,01:00:00,1970-01-01
45982,7509651.840,4689252.013,0.000,,0.000,0.000,01:00:00,1970-01-01
45989,7509678.979,4689216.623,0.000,,0.000,0.000,01:00:00,1970-01-01
45996,7509684.849,4689262.972,0.000,,0.000,0.000,01:00:00,1970-01-01
46007,7509700.932,4689233.649,0.000,,0.000,0.000,01:00:00,1970-01-01
46008,7509682.149,4689217.433,0.000,,0.000,0.000,01:00:00,1970-01-01
41217,7509651.463,4689393.467,0.000,,0.000,0.000,01:00:00,1970-01-01
46011,7509662.002,4689372.478,0.000,,0.000,0.000,01:00:00,1970-01-01
46018,7509654.542,4689355.520,0.000,,0.000,0.000,01:00:00,1970-01-01
46032,7509657.062,4689383.289,0.000,,0.000,0.000,01:00:00,1970-01-01
41218,7509623.452,4689371.720,0.000,,0.000,0.000,01:00:00,1970-01-01
46010,7509667.291,4689359.879,0.000,,0.000,0.000,01:00:00,1970-01-01
45994,7509678.351,4689332.250,0.000,,0.000,0.000,01:00:00,1970-01-01
45995,7509705.210,4689296.009,0.000,,0.000,0.000,01:00:00,1970-01-01
41216,7509661.369,4689406.927,0.000,,0.000,0.000,01:00:00,1970-01-01
46012,7509673.482,4689378.398,0.000,,0.000,0.000,01:00:00,1970-01-01
46023,7509665.569,4689399.237,0.000,,0.000,0.000,01:00:00,1970-01-01
46013,7509678.023,4689366.494,0.000,,0.000,0.000,01:00:00,1970-01-01
46014,7509689.121,4689338.419,0.000,,0.000,0.000,01:00:00,1970-01-01
46015,7509697.742,4689327.186,0.000,,0.000,0.000,01:00:00,1970-01-01
46016,7509701.030,4689323.350,0.000,,0.000,0.000,01:00:00,1970-01-01
46017,7509714.850,4689306.049,0.000,,0.000,0.000,01:00:00,1970-01-01
41222_stk,7509593.318,4689313.953,653.280,|41222,0.017,0.036,10:41:33,2000-01-09
45999_stk,7509611.468,4689304.985,655.590,|45999,0.022,0.036,10:48:48,2000-01-09
45997_stk,7509628.163,4689285.028,658.170,|45997,0.023,0.045,10:57:12,2000-01-09
45980_stk,7509639.345,4689269.965,663.101,|45980,0.023,0.039,10:58:52,2000-01-09
45981_stk,7509646.192,4689260.766,666.756,|45981,0.018,0.033,11:00:32,2000-01-09
100,7509633.127,4689299.765,654.425,MEGJ,0.043,0.068,11:06:29,2000-01-09
101,7509627.758,4689306.680,653.017,MEGJ,0.074,0.087,11:09:59,2000-01-09
102,7509602.496,4689329.143,654.024,MEGJ,0.030,0.051,11:15:57,2000-01-09
103,7509598.573,4689334.651,653.001,MEGJ,0.037,0.081,11:20:13,2000-01-09
45954_stk,7509569.093,4689338.328,653.737,|45954,0.013,0.021,11:30:11,2000-01-09
46251_stk,7510258.537,4689442.896,634.826,|46251,0.021,0.028,12:04:05,2000-01-09
46256_stk,7510213.059,4689455.363,635.074,|46256,0.012,0.019,12:05:54,2000-01-09
46260_stk,7510211.761,4689443.441,635.201,|46260,0.020,0.027,12:06:37,2000-01-09
46261_stk,7510161.077,4689445.261,635.973,|46261,0.019,0.026,12:08:15,2000-01-09
46257_stk,7510141.305,4689458.665,636.507,|46257,0.018,0.024,12:09:30,2000-01-09
46258_stk,7510112.963,4689462.149,636.820,|46258,0.020,0.030,12:10:31,2000-01-09
46262_stk,7510111.739,4689451.703,636.651,|46262,0.018,0.025,12:11:25,2000-01-09
46176_stk,7510099.791,4689452.632,637.218,|46176,0.020,0.027,12:12:17,2000-01-09
46175_stk,7510093.888,4689461.081,637.442,|46175,0.012,0.017,12:13:19,2000-01-09
46259_stk,7510102.348,4689462.003,636.982,|46259,0.018,0.024,12:14:30,2000-01-09
104,7510158.703,4689447.328,636.012,GURI,0.019,0.025,12:16:49,2000-01-09
105,7510158.635,4689445.571,636.029,GURI,0.021,0.029,12:18:21,2000-01-09
46257_46256_stk,7510159.101,4689457.881,636.140,|46257,0.016,0.023,12:20:03,2000-01-09
106,7510213.038,4689455.321,635.051,GURI,0.012,0.017,12:23:31,2000-01-09
107,7510213.244,4689444.396,635.114,GURI,0.015,0.022,12:23:45,2000-01-09
108,7510213.269,4689443.400,635.138,MEGJ,0.011,0.017,12:25:06,2000-01-09
46252_stk,7510259.100,4689455.420,634.964,|46252,0.063,0.078,12:28:33,2000-01-09
46176_stk1,7510099.798,4689452.637,637.197,|46176,0.010,0.017,12:42:27,2000-01-09
46258_stk1,7510112.972,4689462.144,636.809,|46258,0.012,0.020,12:45:35,2000-01-09
46259_stk1,7510102.338,4689461.998,636.957,|46259,0.016,0.014,12:48:20,2000-01-09
46175_stk1,7510093.896,4689461.074,637.419,|46175,0.009,0.016,12:48:29,2000-01-09
3,7510102.400,4689927.815,0.000,,0.000,0.000,01:00:00,1970-01-01
4,7510182.912,4689870.343,0.000,,0.000,0.000,01:00:00,1970-01-01
47970_stk,7510093.696,4689906.977,651.257,|47970,0.019,0.030,12:52:21,2000-01-09
3_stk,7510102.393,4689927.803,650.648,|3,0.015,0.025,12:53:46,2000-01-09
47969_stk,7510111.047,4689948.662,650.364,|47969,0.015,0.024,12:54:53,2000-01-09
48621_stk,7510160.530,4689912.230,649.240,|48621,0.014,0.022,12:56:46,2000-01-09
48620_stk,7510192.898,4689889.238,648.850,|48620,0.014,0.024,12:57:32,2000-01-09
4_stk,7510182.895,4689870.346,649.082,|4,0.015,0.024,12:58:40,2000-01-09
48618_stk,7510178.227,4689861.541,649.102,|48618,0.015,0.026,13:00:17,2000-01-09
48599_stk,7510170.677,4689847.183,649.079,|48599,0.014,0.023,13:01:27,2000-01-09
48598_stk,7510161.945,4689856.979,649.362,|48598,0.014,0.023,13:02:53,2000-01-09
48597_stk,7510139.267,4689876.272,650.156,|48597,0.016,0.027,13:03:54,2000-01-09
109,7509934.898,4690391.009,646.425,MEGJ,0.017,0.037,13:13:20,2000-01-09
110,7509943.637,4690453.300,644.811,MEGJ,0.016,0.035,13:14:35,2000-01-09
111,7509948.336,4690495.723,643.617,GURI,0.020,0.044,13:15:36,2000-01-09
112,7509952.814,4690526.888,642.429,GURI,0.018,0.041,13:16:52,2000-01-09
113,7509955.659,4690553.558,641.480,GURI,0.012,0.028,13:17:29,2000-01-09
114,7509958.767,4690575.734,640.806,GURI,0.015,0.035,13:17:55,2000-01-09
115,7509963.748,4690611.329,639.728,GURI,0.019,0.042,13:18:30,2000-01-09
116,7509966.875,4690628.510,639.133,GURI,0.017,0.038,13:18:52,2000-01-09
117,7509970.558,4690645.631,638.333,MEGJ,0.013,0.030,13:20:27,2000-01-09
118,7509974.546,4690654.668,638.151,MEGJ,0.013,0.029,13:20:45,2000-01-09
5,7509528.312,4689981.850,0.000,,0.000,0.000,01:00:00,1970-01-01
6,7509608.553,4690053.267,0.000,,0.000,0.000,01:00:00,1970-01-01
48599_stk1,7510170.670,4689847.177,649.099,|48599,0.011,0.013,13:37:17,2000-01-09
48598_stk1,7510161.952,4689856.971,649.347,|48598,0.011,0.013,13:38:13,2000-01-09
48597_stk1,7510139.261,4689876.266,650.125,|48597,0.026,0.029,13:39:14,2000-01-09
50167_stk,7509591.184,4690080.299,657.361,|50167,0.016,0.031,13:49:27,2000-01-09
50168_stk,7509603.394,4690062.502,657.702,|50168,0.017,0.033,13:50:55,2000-01-09
6_stk,7509608.539,4690053.274,658.205,|6,0.018,0.034,13:52:10,2000-01-09
50163_stk,7509612.560,4690046.042,658.262,|50163,0.019,0.038,13:54:35,2000-01-09
50162_stk,7509626.154,4690017.628,659.018,|50162,0.020,0.036,13:56:54,2000-01-09
48383_stk,7509565.952,4689962.532,665.196,|48383,0.021,0.038,13:59:38,2000-01-09
5_stk,7509528.323,4689981.843,666.105,|5,0.025,0.050,14:03:32,2000-01-09
48381_stk,7509505.461,4689989.849,665.855,|48381,0.016,0.033,14:06:06,2000-01-09
50166_stk,7509504.146,4690002.813,664.202,|50166,0.021,0.040,14:07:21,2000-01-09
48382_stk,7509517.727,4689987.291,665.963,|48382,0.057,0.125,14:11:02,2000-01-09
20565_stk,7511567.837,4691045.974,612.621,|20565,0.029,0.043,14:24:14,2000-01-09
20564_stk,7511589.756,4691046.715,612.362,|20564,0.016,0.026,14:26:09,2000-01-09
20563_stk,7511601.165,4691044.472,612.384,|20563,0.016,0.027,14:27:17,2000-01-09
1_stk,7511632.815,4691036.481,612.259,|1,0.013,0.024,14:28:30,2000-01-09
20562_stk,7511670.058,4691027.079,612.040,|20562,0.018,0.030,14:29:51,2000-01-09
20561_stk,7511700.093,4691015.723,611.446,|20561,0.025,0.040,14:31:15,2000-01-09
22598_stk,7511691.684,4691004.362,611.624,|22598,0.016,0.026,14:32:40,2000-01-09
22607_stk,7511682.150,4690993.870,611.612,|22607,0.018,0.028,14:33:32,2000-01-09
22608_stk,7511671.102,4690982.200,612.015,|22608,0.033,0.063,14:34:27,2000-01-09
48383_stk1,7509565.945,4689962.525,665.165,|48383,0.011,0.018,14:35:22,2000-01-09
50162_stk1,7509626.148,4690017.622,659.029,|50162,0.015,0.026,14:36:14,2000-01-09
22610_stk,7511657.381,4690967.388,611.953,|22610,0.012,0.018,14:36:22,2000-01-09
22609_stk,7511658.723,4690968.886,612.012,|22609,0.013,0.020,14:37:26,2000-01-09
22611_stk,7511655.638,4690966.397,612.286,|22611,0.016,0.023,14:37:59,2000-01-09
22612_stk,7511642.293,4690958.518,612.209,|22612,0.016,0.023,14:38:33,2000-01-09
22613_stk,7511636.120,4690965.779,612.088,|22613,0.015,0.022,14:39:19,2000-01-09
22614_stk,7511624.188,4690971.851,611.943,|22614,0.016,0.023,14:40:14,2000-01-09
2_stk,7511610.047,4690977.088,612.047,|2,0.025,0.037,14:41:11,2000-01-09
22615_stk,7511605.009,4690978.911,612.163,|22615,0.025,0.040,14:43:29,2000-01-09
22616_stk,7511583.176,4690982.239,612.387,|22616,0.016,0.021,14:44:48,2000-01-09
48382_stk1,7509517.720,4689987.298,665.932,|48382,0.017,0.015,14:46:32,2000-01-09
48381_stk1,7509505.456,4689989.842,665.877,|48381,0.026,0.013,14:47:26,2000-01-09
22617_stk,7511552.832,4690987.707,616.255,|22617,0.060,0.083,14:49:31,2000-01-09
22618_stk,7511559.212,4691012.576,613.135,|22618,0.060,0.070,14:52:36,2000-01-09
22619_stk,7511563.423,4691028.917,612.793,|22619,0.092,0.113,14:53:25,2000-01-09
7,7511667.495,4691027.726,0.000,,0.000,0.000,01:00:00,1970-01-01
8,7511632.299,4690967.733,0.000,,0.000,0.000,01:00:00,1970-01-01
9,7511581.716,4690982.511,0.000,,0.000,0.000,01:00:00,1970-01-01
10,7511601.057,4691044.501,0.000,,0.000,0.000,01:00:00,1970-01-01
10_stk,7511601.037,4691044.494,611.931,|10,0.021,0.031,15:16:40,2000-01-09
7_stk,7511667.492,4691027.731,611.586,|7,0.018,0.025,15:18:50,2000-01-09
8_stk,7511632.289,4690967.753,611.649,|8,0.013,0.018,15:21:08,2000-01-09
9_stk,7511581.734,4690982.498,612.006,|9,0.036,0.052,15:24:32,2000-01-09
10_stk1,7511601.065,4691044.507,611.949,|10,0.033,0.042,16:04:12,2000-01-09
7_stk1,7511667.480,4691027.727,611.576,|7,0.031,0.002,16:06:32,2000-01-09
8_stk1,7511632.306,4690967.739,611.629,|8,0.021,0.012,16:09:45,2000-01-09
9_stk1,7511581.722,4690982.517,611.995,|9,0.009,0.022,16:12:53,2000-01-09
FE01_stk1,7510693.832,4691608.065,659.768,|FE01,0.009,0.007,16:52:13,2000-01-09