1	7511632.814	4691036.485	0	1
2	7511610.039	4690977.059	0	2
3	7511700.072	4691015.689	0	20561
4	7511670.052	4691027.08	0	20562
5	7511601.153	4691044.482	0	20563
6	7511589.753	4691046.712	0	20564
7	7511567.833	4691046.003	0	20565
8	7511691.691	4691004.34	0	22598
9	7511682.141	4690993.891	0	22607
10	7511671.1	4690982.202	0	22608
11	7511658.74	4690968.87	0	22609
12	7511657.38	4690967.403	0	22610
13	7511655.66	4690966.39	0	22611
14	7511642.269	4690958.524	0	22612
15	7511636.13	4690965.784	0	22613
16	7511624.2	4690971.854	0	22614
17	7511604.99	4690978.915	0	22615
18	7511583.19	4690982.246	0	22616
19	7511552.83	4690987.707	0	22617
20	7511559.24	4691012.61	0	22618
21	7511563.44	4691028.95	0	22619
22	7510138.497	4690542.96	0	49572
23	7510109.592	4690567.29	0	49573
24	7509995.976	4690638.336	0	49574
25	7509983.767	4690661.034	0	49575
26	7509977.797	4690679.536	0	49576
27	7509967.833	4690691.119	0	49577
28	7509905.306	4690396.302	0	49840
29	7509921.556	4690392.102	0	49841
30	7509946.766	4690391.54	0	49842
31	7509965.806	4690387.62	0	49843
32	7509980.696	4690382.609	0	49844
33	7509998.906	4690376.729	0	49845
34	7510015.705	4690370.279	0	49846
35	7510021.025	4690367.478	0	49847
36	7510033.045	4690359.108	0	49848
37	7510052.084	4690343.408	0	49849
38	7510071.934	4690321.898	0	49850
39	7510097.673	4690287.999	0	49851
40	7509933.215	4690635.2	0	49967
41	7509956.166	4690672.677	0	49968
42	7510137.702	4690532.396	0	49969
43	7510115.58	4690502.688	0	49970
44	7510090.101	4690516.559	0	49971
45	7510057.332	4690538.139	0	49972
46	7510046.73	4690490.142	0	49973
47	7510031.616	4690389.097	0	49974
48	7510080.635	4690355.837	0	49975
49	7510118.837	4690406.773	0	49976
50	7510140.929	4690475.099	0	49977
51	7510152.969	4690471.448	0	49978
52	7510156.27	4690479.238	0	49979
53	7510179.239	4690471.107	0	49980
54	7510163.178	4690434.08	0	49981
55	7510155.197	4690412.881	0	49982
56	7510142.736	4690387.902	0	49983
57	7509912.34	4690479.67	0	49984
58	7509915.84	4690510.566	0	49985
59	7509925.934	4690598.992	0	49986
60	7509930.135	4690629.04	0	49987
61	7510111.08	4689948.654	0	47969
62	7510093.719	4689906.976	0	47970
63	7510139.278	4689876.306	0	48597
64	7510161.897	4689856.976	0	48598
65	7510170.675	4689847.172	0	48599
66	7510178.25	4689861.515	0	48618
67	7510192.888	4689889.233	0	48620
68	7510160.559	4689912.233	0	48621
69	7509505.464	4689989.844	0	48381
70	7509517.684	4689987.304	0	48382
71	7509565.953	4689962.534	0	48383
72	7509626.183	4690017.61	0	50162
73	7509612.574	4690046.08	0	50163
74	7509504.135	4690002.804	0	50166
75	7509591.164	4690080.299	0	50167
76	7509603.394	4690062.489	0	50168
77	7510093.906	4689461.054	0	46175
78	7510099.806	4689452.624	0	46176
79	7510258.533	4689442.91	0	46251
80	7510259.084	4689455.399	0	46252
81	7510213.064	4689455.38	0	46256
82	7510141.296	4689458.662	0	46257
83	7510113.006	4689462.153	0	46258
84	7510102.356	4689461.973	0	46259
85	7510211.774	4689443.441	0	46260
86	7510161.085	4689445.272	0	46261
87	7510111.746	4689451.703	0	46262
88	7510064.177	4689493.564	0	40158
89	7510008.918	4689497.375	0	46155
90	7510007.468	4689478.746	0	46165
91	7510075.347	4689476.574	0	46169
92	7509912.806	4689453.741	0	46125
93	7509931.409	4689454.879	0	46126
94	7509912.589	4689457.287	0	46138
95	7509934.429	4689483.328	0	46166
96	7509933.359	4689480.128	0	46167
97	7509913.364	4689477.785	0	46168
98	7510085.487	4689464.724	0	46170
99	7509932.469	4689470.528	0	46171
100	7510031.488	4689528.753	0	40159
101	7510014.209	4689543.073	0	40160
102	7510012.779	4689518.994	0	46163
103	7510013.148	4689513.704	0	46164
104	7509832.7	4689442.042	0	46119
105	7509841.058	4689444.082	0	46120
106	7509842.886	4689449.538	0	46129
107	7509846.09	4689450.195	0	46130
108	7509852.708	4689451.566	0	46131
109	7509857.425	4689453.027	0	46132
110	7509864.804	4689454.138	0	46133
111	7509873.258	4689454.353	0	46134
112	7509882.49	4689454.995	0	46135
113	7509891.686	4689455.868	0	46136
114	7509900.268	4689456.771	0	46137
115	7509831.94	4689453.251	0	46141
116	7509839.184	4689469.094	0	46150
117	7509841.18	4689453.901	0	53487
118	7509793.342	4688939.078	0	45124
119	7509794.973	4688952.918	0	45125
120	7509787.973	4688974.187	0	45126
121	7509736.545	4689043.137	0	45422
122	7509753.334	4688968.839	0	45423
123	7509755.863	4688959.169	0	45424
124	7509767.763	4688945.179	0	45425
125	7509774.235	4689047.936	0	45437
126	7509754.685	4689046.256	0	45438
127	7509777.554	4689020.296	0	45487
128	7509783.703	4688985.077	0	45488
129	7509762.111	4688844.002	0	45120
130	7509773.542	4688885.751	0	45121
131	7509786.042	4688909.55	0	45122
132	7509793.182	4688927.999	0	45123
133	7509690.635	4689000.05	0	45141
134	7509675.264	4688935.392	0	45142
135	7509677.944	4688923.042	0	45143
136	7509687.743	4688898.603	0	45144
137	7509695.233	4688877.793	0	45145
138	7509708.862	4688859.773	0	45146
139	7509736.232	4688852.783	0	45147
140	7509745.452	4688852.182	0	45148
141	7509705.055	4689016.269	0	45420
142	7509717.405	4689035.008	0	45421
143	7509843.76	4689444.741	0	46121
144	7509859.93	4689449.721	0	46122
145	7509872.85	4689449.52	0	46123
146	7509899.399	4689452.92	0	46124
147	7508618.246	4689865.864	0	44910
148	7508625.136	4689826.985	0	44911
149	7508627.515	4689786.766	0	44912
150	7508631.484	4689762.177	0	44913
151	7508639.874	4689743.157	0	44914
152	7508647.354	4689743.797	0	44923
153	7508655.564	4689751.216	0	44924
154	7508661.924	4689759.426	0	44925
155	7508668.014	4689767.645	0	44926
156	7508678.424	4689776.075	0	44927
157	7508707.814	4689790.114	0	44928
158	7508715.334	4689799.353	0	44929
159	7508721.424	4689810.743	0	44930
160	7508679.195	4689836.253	0	44956
161	7509585.522	4689326.592	0	41207
162	7509592.462	4689336.372	0	41208
163	7509610.112	4689359.931	0	41209
164	7509612.512	4689368.42	0	41210
165	7509610.142	4689373.32	0	45908
166	7509606.203	4689377.43	0	45909
167	7509577.023	4689365.282	0	45910
168	7509565.973	4689359.602	0	45911
169	7509555.553	4689352.183	0	45912
170	7509559.093	4689347.133	0	45953
171	7509569.103	4689338.313	0	45954
172	7509497.54	4689695.264	0	48282
173	7509515.1	4689708.483	0	48283
174	7509520.24	4689717.672	0	48284
175	7509495.546	4689715.813	0	50732
176	7509519.43	4689720.652	0	50733
177	7509513.82	4689761.921	0	50649
178	7509529.809	4689720.102	0	48285
179	7509491.741	4689747.862	0	50650
180	7509495.219	4689717.962	0	50734
181	7509442.473	4689842.851	0	50636
182	7509445.973	4689854.98	0	50637
183	7509447.034	4689886.439	0	50638
184	7509467.583	4689872.909	0	50639
185	7509467.783	4689869.139	0	50640
186	7509426.76	4689724.037	0	50653
187	7509416.2	4689720.57	0	50654
188	7509384.947	4689709.11	0	50655
189	7509346.133	4689774.186	0	50623
190	7509311.483	4689715.478	0	50621
191	7509311.213	4689726.608	0	50620
192	7509467.583	4689853.47	0	50641
193	7509570.9	4689818.628	0	50643
194	7509437.35	4689730.57	0	50652
195	7509426.523	4689815.522	0	50634
196	7509400.873	4689795.813	0	50632
197	7509314.463	4689735.558	0	50627
198	7509330.463	4689764.846	0	50625
199	7509359.462	4689701.947	0	50616
200	7509606.539	4689777.938	0	50645
201	7509594.089	4689771.109	0	50646
202	7509570.219	4689748.65	0	50647
203	7509559.379	4689740.621	0	50648
204	7509383.443	4689781.754	0	50631
205	7509374.253	4689777.155	0	50630
206	7509366.143	4689774.995	0	50629
207	7509326.933	4689731.757	0	50628
208	7509312.253	4689702.449	0	50614
209	7509559.009	4689726.861	0	48286
210	7509340.212	4689701.398	0	50615
211	7509343.743	4689767.286	0	50624
212	7509413.003	4689802.543	0	50633
213	7509433.823	4689825.802	0	50635
214	7509467.982	4689838	0	50642
215	7509639.849	4689805.786	0	50644
216	7509452.159	4689739.093	0	50651
217	7509310.563	4689751.167	0	50619
218	7509320.363	4689755.857	0	50626
219	7509953.543	4690032.836	0	48464
220	7509956.413	4690029.486	0	48465
221	7509946.374	4690046.706	0	48476
222	7509938.294	4690060.516	0	48485
223	7509924.425	4690082.995	0	48486
224	7509975.757	4690142.741	0	48487
225	7510005.858	4690170.068	0	48488
226	7510009.748	4690164.758	0	48489
227	7510019.847	4690139.979	0	48490
228	7510028.036	4690121.667	0	48491
229	7510032.556	4690111.56	0	48492
230	7510043.505	4690082.81	0	48493
231	7510020.865	4690071.842	0	48494
232	7509996.374	4690055.314	0	48495
233	7509969.123	4690040.215	0	48496
234	7511110.586	4691024.204	0	53446
235	7511140.074	4691096.769	0	53447
236	7511167.376	4691165.535	0	53448
237	7511091.461	4691036.394	0	53449
238	7511126.445	4691121.528	0	53450
239	7511147.986	4691172.295	0	53451
240	7511129.711	4691012.013	0	53367
241	7511148.842	4691061.79	0	53368
242	7511186.426	4691158.894	0	53369
243	7509616.822	4689360.661	0	41219
244	7509612.732	4689355.491	0	41220
245	7509649.641	4689311.621	0	45993
246	7509620.051	4689296.032	0	45998
247	7509611.471	4689304.962	0	45999
248	7509614.941	4689310.802	0	46000
249	7509609.572	4689317.592	0	46001
250	7509615.572	4689322.802	0	46002
251	7509620.622	4689338.601	0	46003
252	7509617.262	4689354.491	0	46004
253	7509628.502	4689339.031	0	46005
254	7509639.391	4689324.651	0	46006
255	7509598.362	4689334.652	0	41221
256	7509593.312	4689313.963	0	41222
257	7509639.366	4689269.947	0	45980
258	7509646.16	4689260.773	0	45981
259	7509671.27	4689281.451	0	45992
260	7509628.177	4689285.058	0	45997
261	7509651.84	4689252.013	0	45982
262	7509678.979	4689216.623	0	45989
263	7509684.849	4689262.972	0	45996
264	7509700.932	4689233.649	0	46007
265	7509682.149	4689217.433	0	46008
266	7509651.463	4689393.467	0	41217
267	7509662.002	4689372.478	0	46011
268	7509654.542	4689355.52	0	46018
269	7509657.062	4689383.289	0	46032
270	7509623.452	4689371.72	0	41218
271	7509667.291	4689359.879	0	46010
272	7509678.351	4689332.25	0	45994
273	7509705.21	4689296.009	0	45995
274	7509661.369	4689406.927	0	41216
275	7509673.482	4689378.398	0	46012
276	7509665.569	4689399.237	0	46023
277	7509678.023	4689366.494	0	46013
278	7509689.121	4689338.419	0	46014
279	7509697.742	4689327.186	0	46015
280	7509701.03	4689323.35	0	46016
281	7509714.85	4689306.049	0	46017
282	7509593.318	4689313.953	653.28	41222_stk
283	7509611.468	4689304.985	655.59	45999_stk
284	7509628.163	4689285.028	658.17	45997_stk
285	7509639.345	4689269.965	663.101	45980_stk
286	7509646.192	4689260.766	666.756	45981_stk
287	7509633.127	4689299.765	654.425	MEGJ
288	7509627.758	4689306.68	653.017	MEGJ
289	7509602.496	4689329.143	654.024	MEGJ
290	7509598.573	4689334.651	653.001	MEGJ
291	7509569.093	4689338.328	653.737	45954_stk
292	7510258.537	4689442.896	634.826	46251_stk
293	7510213.059	4689455.363	635.074	46256_stk
294	7510211.761	4689443.441	635.201	46260_stk
295	7510161.077	4689445.261	635.973	46261_stk
296	7510141.305	4689458.665	636.507	46257_stk
297	7510112.963	4689462.149	636.82	46258_stk
298	7510111.739	4689451.703	636.651	46262_stk
299	7510099.791	4689452.632	637.218	46176_stk
300	7510093.888	4689461.081	637.442	46175_stk
301	7510102.348	4689462.003	636.982	46259_stk
302	7510158.703	4689447.328	636.012	GURI
303	7510158.635	4689445.571	636.029	GURI
304	7510159.101	4689457.881	636.14	46257_46256_stk
305	7510213.038	4689455.321	635.051	GURI
306	7510213.244	4689444.396	635.114	GURI
307	7510213.269	4689443.4	635.138	MEGJ
308	7510259.1	4689455.42	634.964	46252_stk
309	7510102.4	4689927.815	0	3
310	7510182.912	4689870.343	0	4
311	7510093.696	4689906.977	651.257	47970_stk
312	7510102.393	4689927.803	650.648	3_stk
313	7510111.047	4689948.662	650.364	47969_stk
314	7510160.53	4689912.23	649.24	48621_stk
315	7510192.898	4689889.238	648.85	48620_stk
316	7510182.895	4689870.346	649.082	4_stk
317	7510178.227	4689861.541	649.102	48618_stk
318	7510170.677	4689847.183	649.079	48599_stk
319	7510161.945	4689856.979	649.362	48598_stk
320	7510139.267	4689876.272	650.156	48597_stk
321	7509934.898	4690391.009	646.425	MEGJ
322	7509943.637	4690453.3	644.811	MEGJ
323	7509948.336	4690495.723	643.617	GURI
324	7509952.814	4690526.888	642.429	GURI
325	7509955.659	4690553.558	641.48	GURI
326	7509958.767	4690575.734	640.806	GURI
327	7509963.748	4690611.329	639.728	GURI
328	7509966.875	4690628.51	639.133	GURI
329	7509970.558	4690645.631	638.333	MEGJ
330	7509974.546	4690654.668	638.151	MEGJ
331	7509528.312	4689981.85	0	5
332	7509608.553	4690053.267	0	6
333	7509591.184	4690080.299	657.361	50167_stk
334	7509603.394	4690062.502	657.702	50168_stk
335	7509608.539	4690053.274	658.205	6_stk
336	7509612.56	4690046.042	658.262	50163_stk
337	7509626.154	4690017.628	659.018	50162_stk
338	7509565.952	4689962.532	665.196	48383_stk
339	7509528.323	4689981.843	666.105	5_stk
340	7509505.461	4689989.849	665.855	48381_stk
341	7509504.146	4690002.813	664.202	50166_stk
342	7509517.727	4689987.291	665.963	48382_stk
343	7511567.837	4691045.974	612.621	20565_stk
344	7511589.756	4691046.715	612.362	20564_stk
345	7511601.165	4691044.472	612.384	20563_stk
346	7511632.815	4691036.481	612.259	1_stk
347	7511670.058	4691027.079	612.04	20562_stk
348	7511700.093	4691015.723	611.446	20561_stk
349	7511691.684	4691004.362	611.624	22598_stk
350	7511682.15	4690993.87	611.612	22607_stk
351	7511671.102	4690982.2	612.015	22608_stk
352	7511657.381	4690967.388	611.953	22610_stk
353	7511658.723	4690968.886	612.012	22609_stk
354	7511655.638	4690966.397	612.286	22611_stk
355	7511642.293	4690958.518	612.209	22612_stk
356	7511636.12	4690965.779	612.088	22613_stk
357	7511624.188	4690971.851	611.943	22614_stk
358	7511610.047	4690977.088	612.047	2_stk
359	7511605.009	4690978.911	612.163	22615_stk
360	7511583.176	4690982.239	612.387	22616_stk
361	7511552.832	4690987.707	616.255	22617_stk
362	7511559.212	4691012.576	613.135	22618_stk
363	7511563.423	4691028.917	612.793	22619_stk
364	7511667.495	4691027.726	0	7
365	7511632.299	4690967.733	0	8
366	7511581.716	4690982.511	0	9
367	7511601.057	4691044.501	0	10
368	7511601.037	4691044.494	611.931	10_stk
369	7511667.492	4691027.731	611.586	7_stk
370	7511632.289	4690967.753	611.649	8_stk
371	7511581.734	4690982.498	612.006	9_stk
